61116.413893005927093327 nan
61116.416198168371920474 nan
61116.418519228514924180 nan
61116.421529439394362271 0.000715
61116.423061073779535946 0.000645
61116.425463301806303207 0.000683
61116.427663290778582450 0.000857
61116.430181990450364538 0.000921
61116.432473919659969397 0.000592
61116.434725397688453086 0.00077
61116.437037299343501218 0.000814
61116.439333857699239161 0.000659
61116.441669446277956013 0.00109
61116.443891933537088335 0.000698
61116.446206168271601200 0.000692
61116.448611104744486511 0.000706
61116.450928186095552519 0.000545
61116.453241179136966821 0.000597
