61088.443393096968065947 0.0025
61088.445587107802566607 0.00209
61088.447805450778105296 0.00182
61088.450230535927403253 0.00243
61088.452599239535629749 0.00145
61088.454931782260246109 0.00204
61088.457176914504088927 0.0025
61088.459613156657724176 0.0017
61088.461798949865624309 0.00198
61088.464109234737406950 0.00255
61088.466708912565081846 0.00249
61088.468746222388290334 0.00175
61088.471066753474588040 0.0083
61088.473360767282429151 0.0027
61088.475696609784790780 0.00203
61088.478001616727851797 0.00169
61088.480321724775421899 0.00186
61088.482518726392299868 0.00195
61088.484983107227890287 0.00218
61088.487255694533814676 0.00164
61088.489665369765134528 0.0019
61088.491804080164001789 0.00293
61088.493630403994757216 0.00205
