61102.485995361334062181 7.64e-05
61102.487731287073984277 3.74e-05
61102.490045914470101707 4.46e-05
61102.492360933189047500 4.42e-05
61102.494675560810719617 4.35e-05
61102.496990578103577718 4.78e-05
61102.499189612506597769 4.25e-05
61102.501620188893866725 nan
61102.504282418616639916 4.73e-05
61102.506249871177715249 5.19e-05
61102.508564498268242460 4.1e-05
61102.510879517059947830 4.06e-05
61102.513194536215451080 3.94e-05
61102.515508771604800131 3.85e-05
61102.517823789916292299 4.47e-05
61102.520138417246926110 4.41e-05
61102.522453828692960087 3.67e-05
61102.524768063456576783 3.85e-05
61102.527083081928140018 4.15e-05
61102.529398100872640498 5.06e-05
61102.531712696538306773 7.1e-05
61102.534027356108708773 4.97e-05
61102.536342766441521235 3.34e-05
61102.538657001612591557 3.75e-05
61102.540046090558462311 4.97e-05
61102.544328562747978140 4.52e-05
61102.545601666803122498 3.53e-05
61102.547916294060996734 5.11e-05
61102.550231313114636578 4.36e-05
61102.552545940008712932 5.64e-05
61102.554860958967765328 4.2e-05
61102.557175585461664014 5.84e-05
61102.559490605417522602 4.13e-05
61102.561805232595361304 4.5e-05
61102.564120251518033911 4.46e-05
61102.566434879430744331 4.4e-05
61102.568749505880987272 4.78e-05
61102.571064525051042438 3.81e-05
61102.573379152585403062 3.89e-05
61102.575694171602663118 3.56e-05
61102.578008798416703939 4.47e-05
61102.580323818016040605 4.53e-05
61102.582638445514021441 4.38e-05
61102.584953464858699590 4.54e-05
61102.587268484065134544 5.29e-05
61102.589583111432148144 4.16e-05
61102.591898130536719691 4.23e-05
61102.594213149692222942 4.27e-05
61102.596527385088847950 3.69e-05
61102.598842404717288446 3.69e-05
61102.601157423647237010 3.93e-05
61102.603472443246573675 4.07e-05
61102.605787071217491757 3.89e-05
61102.608102089856402017 3.94e-05
61102.610416325893311296 3.97e-05
61102.612731345143401995 3.61e-05
61102.615045972772350069 4.5e-05
61102.616435063195240218 5.72e-05
61102.620370361277309712 5.37e-05
61102.621990248044312466 4.17e-05
61102.624305658544471953 3.72e-05
61102.626967069089005236 3.74e-05
61102.629108501445443835 6.1e-05
61102.631249541846045759 5.06e-05
61102.633564561736420728 3.65e-05
61102.635879189314437099 4.02e-05
61102.638194208964705467 3.37e-05
61102.640508837190282065 3.53e-05
61102.642823856367613189 4.91e-05
61102.645138484112976585 3.88e-05
61102.647453504665463697 3.54e-05
61102.649768132054305170 3.72e-05
61102.652083151951956097 3.71e-05
61102.654397780046565458 4.34e-05
61102.656712799733213615 4.24e-05
61102.659027427682303824 3.47e-05
61102.661342447659990285 4.14e-05
61102.663657075449009426 4.29e-05
61102.665972095936012920 3.67e-05
61102.668286723841447383 3.93e-05
61102.670601351775985677 4.31e-05
61102.672916764131514356 3.84e-05
61102.675231392066052649 3.46e-05
61102.677546020204317756 3.62e-05
61102.679861003918631468 nan
61102.682176024078216869 nan
61102.684721877492847852 3.44e-05
61102.686805709337932058 3.56e-05
61102.689119946167920716 3.89e-05
61102.691435358174203429 3.89e-05
61102.693518014224537183 5.25e-05
