61102.416011161200003698 0.00107
61102.417983382525562774 0.00126
61102.420487351162591949 0.000759
61102.422686268037068658 0.001
61102.424995617402601056 0.0015
61102.427158557591610588 0.00133
61102.429511166687007062 0.00135
61102.431789131253026426 0.00141
61102.434484171571966726 0.000779
61102.436223638658702839 0.00224
61102.438881829955789726 0.00141
61102.441172618760901969 0.00167
61102.443512177611410152 0.000829
61102.445831024087965488 0.00132
61102.448142942936101463 0.00148
61102.450458122271811590 0.000711
61102.452776021891622804 0.000701
61102.455088620510650799 0.00125
61102.457405978137103375 0.00107
61102.459726801534998231 0.00121
61102.462043724866816774 0.00177
61102.464355768461246043 0.000889
61102.466712522611487657 0.00117
61102.468980824000027496 0.00189
61102.471296581265050918 0.00109
61102.472688139525416773 0.00134
61102.475924806727562100 nan
