61088.556134118203772232 0.000978
61088.558329747844254598 0.00109
61088.560648078826488927 0.00144
61088.563024496994330548 0.000805
61088.565168458655534778 0.000991
61088.567596572458569426 0.000976
61088.569921341477311216 0.00101
61088.572255766201124061 0.00133
61088.574448244813538622 0.00108
61088.576856898012920283 0.00121
61088.579084184755629394 0.00116
61088.581480644010298420 0.0011
61088.583798961219144985 0.00191
61088.586114710778929293 0.000796
61088.588533403220935725 0.000793
61088.590740263309271540 0.000954
61088.593070070812245831 0.000964
61088.595407423599681351 0.00133
