61116.461453021263878327 0.000113
61116.463662669528275728 7.36e-05
61116.465841045566776302 6.7e-05
61116.468287238356424496 nan
61116.471180836240819190 6.66e-05
61116.472878232190851122 5.79e-05
61116.474537587615486700 9.52e-05
61116.477546295362117235 nan
61116.480786968451866414 8.07e-05
61116.482192147945170291 4.83e-05
61116.484490748363896273 4.61e-05
61116.486715681523492094 6.28e-05
61116.488387478930235375 8.03e-05
61116.491435076815832872 nan
61116.494031212561822031 8.17e-05
61116.495949304749956354 6.68e-05
61116.498810665158089250 6.29e-05
61116.500694589092745446 5.21e-05
61116.503015915717696771 6.06e-05
61116.505323921097442508 6.21e-05
61116.507625698097399436 6.9e-05
61116.509953207292710431 7.2e-05
61116.512268312137166504 5.5e-05
61116.514727572335687000 5.24e-05
61116.516898037385544740 6.31e-05
61116.519212700695788953 7.03e-05
61116.520717370629427023 6.32e-05
61116.523842364753363654 nan
61116.526157031141337939 nan
61116.528471697543864138 nan
61116.531712833384517580 0.000118
61116.533101485183578916 4.13e-05
61116.535416543520113919 5.37e-05
61116.537731208904006053 6.08e-05
61116.540045876419753768 3.94e-05
61116.542348003546067048 4.88e-05
61116.544675993100099731 4.77e-05
61116.546990267997898627 7.05e-05
61116.549305717606330290 3.84e-05
61116.551678378105862066 5.52e-05
61116.553935050906147808 4.46e-05
61116.556340235307288822 3.82e-05
61116.558474650220887270 3.82e-05
61116.560879442607983947 6.25e-05
61116.563194108690368012 4.3e-05
61116.565508775653142948 4.54e-05
61116.567759962679701857 3.96e-05
61116.570138501170731615 4.15e-05
61116.572453559572750237 4.56e-05
61116.574768225698790047 4.09e-05
61116.577199272614961956 3.84e-05
61116.579281963990069926 4.96e-05
61116.581712618557503447 5.45e-05
61116.583912080794107169 3.83e-05
61116.586457939607498702 4.48e-05
61116.588657009720918722 4.41e-05
61116.590972068675910123 4.57e-05
61116.593325137844658457 8.19e-05
61116.595601402426837012 4.61e-05
61116.597916460646956693 5.32e-05
61116.600231128068116959 4.14e-05
61116.602610450245265383 5.02e-05
61116.604860854677099269 5.17e-05
61116.607175520424789283 4.05e-05
61116.609528981454786845 4.61e-05
61116.611869510365067981 5.17e-05
61116.614081512670964003 5e-05
61116.616434973031573463 4.48e-05
61116.618749639615998603 5.38e-05
61116.621128962651710026 3.69e-05
61116.623379365657456219 4.21e-05
61116.625694033449690323 3.8e-05
61116.628009484156791586 4.81e-05
61116.630323759745806456 3.88e-05
61116.632638818082341459 4.59e-05
61116.634953484950528946 4.14e-05
61116.637268152800970711 4.51e-05
61116.639583212207071483 4.38e-05
61116.641899054993700702 6.79e-05
61116.644212546540074982 5.25e-05
61116.646527606499148533 4.1e-05
61116.648842666130803991 4.32e-05
61116.651157332853472326 4.86e-05
61116.653472392128605861 4.16e-05
61116.655773736616538372 5.09e-05
61116.658101727291068528 4.02e-05
61116.660416394748608582 4.53e-05
61116.662731061522208620 8.92e-05
61116.665046121968771331 5.12e-05
61116.667361180989246350 3.95e-05
61116.669675456570985261 3.99e-05
61116.671990515897050500 5.76e-05
61116.674240920277952682 5.37e-05
61116.676620244114019442 5.36e-05
61116.678934912037220784 4.35e-05
61116.681249580062285531 3.79e-05
61116.683564639351970982 4.52e-05
61116.685881658573634923 5.62e-05
61116.688193975605827291 4.36e-05
61116.690161853359313682 5.42e-05
