61088.609606113568588626 4.95e-05
61088.611805095984891523 6.03e-05
61088.614120063350128476 4.07e-05
61088.616434637966449372 4.09e-05
61088.618749605448101647 4.08e-05
61088.621064572362229228 3.89e-05
61088.623379147247760557 3.47e-05
61088.625694114438374527 7.83e-05
61088.628009080770425498 4.2e-05
61088.630324048433976714 4.11e-05
61088.632639015406311955 4.18e-05
61088.634915191672916990 4.93e-05
61088.637268165584828239 4.69e-05
61088.639583133459382225 4.24e-05
61088.641884777607629076 4.56e-05
61088.644213067535019945 4.73e-05
61088.646527250668441411 4.07e-05
61088.648842218644858804 6.32e-05
61088.652083844295702875 9.44e-05
61088.653472152342146728 3.81e-05
61088.655786727584199980 6.12e-05
61088.658101695182267576 3.07e-05
61088.660416270366113167 5.06e-05
61088.662731628828623798 4.85e-05
61088.665045812645985279 4.07e-05
61088.667360780134913512 4.39e-05
61088.669617756117077079 4.32e-05
61088.671990323564386927 3.57e-05
61088.674305291438940912 5.18e-05
61088.676581466381321661 3.83e-05
61088.679108416632516310 5.32e-05
61088.681249801833473612 6.01e-05
61088.683564377643051557 7.25e-05
61088.685879345175635535 4.68e-05
61088.688193920475896448 6.06e-05
61088.690508888641488738 4.21e-05
