2026 1 1 -0.177348100 0.882796301 0.382817686
2026 1 2 -0.194517163 0.879799758 0.381518736
2026 1 3 -0.211626363 0.876529442 0.380101288
2026 1 4 -0.228670859 0.872986369 0.378565767
2026 1 5 -0.245645798 0.869171527 0.376912572
2026 1 6 -0.262546279 0.865085887 0.375142089
2026 1 7 -0.279367331 0.860730444 0.373254710
2026 1 8 -0.296103902 0.856106242 0.371250846
2026 1 9 -0.312750868 0.851214408 0.369130950
2026 1 10 -0.329303052 0.846056167 0.366895518
2026 1 11 -0.345755239 0.840632856 0.364545101
2026 1 12 -0.362102190 0.834945930 0.362080308
2026 1 13 -0.378338655 0.828996959 0.359501799
2026 1 14 -0.394459384 0.822787639 0.356810298
2026 1 15 -0.410459133 0.816319782 0.354006582
2026 1 16 -0.426332669 0.809595329 0.351091489
2026 1 17 -0.442074779 0.802616345 0.348065919
2026 1 18 -0.457680278 0.795385031 0.344930834
2026 1 19 -0.473144022 0.787903724 0.341687262
2026 1 20 -0.488460922 0.780174903 0.338336301
2026 1 21 -0.503625960 0.772201187 0.334879113
2026 1 22 -0.518634210 0.763985333 0.331316925
2026 1 23 -0.533480857 0.755530231 0.327651027
2026 1 24 -0.548161213 0.746838887 0.323882759
2026 1 25 -0.562670734 0.737914412 0.320013508
2026 1 26 -0.577005032 0.728759999 0.316044693
2026 1 27 -0.591159875 0.719378902 0.311977755
2026 1 28 -0.605131194 0.709774410 0.307814143
2026 1 29 -0.618915069 0.699949821 0.303555299
2026 1 30 -0.632507712 0.689908419 0.299202648
2026 1 31 -0.645905437 0.679653451 0.294757587
2026 2 1 -0.659104625 0.669188121 0.290221481
2026 2 2 -0.672101681 0.658515593 0.285595672
2026 2 3 -0.684893007 0.647639009 0.280881481
2026 2 4 -0.697474976 0.636561516 0.276080231
2026 2 5 -0.709843932 0.625286294 0.271193261
2026 2 6 -0.721996192 0.613816582 0.266221937
2026 2 7 -0.733928062 0.602155698 0.261167666
2026 2 8 -0.745635854 0.590307049 0.256031898
2026 2 9 -0.757115903 0.578274134 0.250816129
2026 2 10 -0.768364580 0.566060548 0.245521905
2026 2 11 -0.779378300 0.553669981 0.240150814
2026 2 12 -0.790153529 0.541106216 0.234704494
2026 2 13 -0.800686792 0.528373130 0.229184627
2026 2 14 -0.810974677 0.515474697 0.223592944
2026 2 15 -0.821013842 0.502414990 0.217931224
2026 2 16 -0.830801027 0.489198190 0.212201300
2026 2 17 -0.840333067 0.475828585 0.206405056
2026 2 18 -0.849606913 0.462310572 0.200544431
2026 2 19 -0.858619654 0.448648653 0.194621414
2026 2 20 -0.867368540 0.434847421 0.188638036
2026 2 21 -0.875850998 0.420911543 0.182596359
2026 2 22 -0.884064645 0.406845735 0.176498465
2026 2 23 -0.892007293 0.392654735 0.170346439
2026 2 24 -0.899676941 0.378343272 0.164142355
2026 2 25 -0.907071758 0.363916046 0.157888265
2026 2 26 -0.914190065 0.349377707 0.151586187
2026 2 27 -0.921030306 0.334732840 0.145238098
2026 2 28 -0.927591019 0.319985958 0.138845938
2026 3 1 -0.933870807 0.305141505 0.132411604
2026 3 2 -0.939868306 0.290203864 0.125936960
2026 3 3 -0.945582167 0.275177375 0.119423849
2026 3 4 -0.951011041 0.260066357 0.112874102
2026 3 5 -0.956153574 0.244875130 0.106289554
2026 3 6 -0.961008414 0.229608037 0.099672052
2026 3 7 -0.965574222 0.214269460 0.093023466
2026 3 8 -0.969849687 0.198863829 0.086345695
2026 3 9 -0.973833540 0.183395632 0.079640666
2026 3 10 -0.977524568 0.167869409 0.072910337
2026 3 11 -0.980921621 0.152289757 0.066156695
2026 3 12 -0.984023622 0.136661325 0.059381758
2026 3 13 -0.986829569 0.120988815 0.052587568
2026 3 14 -0.989338544 0.105276984 0.045776201
2026 3 15 -0.991549711 0.089530646 0.038949760
2026 3 16 -0.993462337 0.073754676 0.032110382
2026 3 17 -0.995075795 0.057954015 0.025260240
2026 3 18 -0.996389589 0.042133671 0.018401538
2026 3 19 -0.997403379 0.026298712 0.011536515
2026 3 20 -0.998117002 0.010454254 0.004667428
2026 3 21 -0.998530495 -0.005394565 -0.002203454
2026 3 22 -0.998644104 -0.021242616 -0.009073873
2026 3 23 -0.998458277 -0.037084815 -0.015941599
2026 3 24 -0.997973651 -0.052916155 -0.022804444
2026 3 25 -0.997191016 -0.068731728 -0.029660276
2026 3 26 -0.996111287 -0.084526738 -0.036507025
2026 3 27 -0.994735465 -0.100296505 -0.043342679
2026 3 28 -0.993064609 -0.116036454 -0.050165282
2026 3 29 -0.991099816 -0.131742111 -0.056972928
2026 3 30 -0.988842195 -0.147409078 -0.063763748
2026 3 31 -0.986292862 -0.163033024 -0.070535902
2026 4 1 -0.983452933 -0.178609662 -0.077287569
2026 4 2 -0.980323523 -0.194134729 -0.084016937
2026 4 3 -0.976905751 -0.209603977 -0.090722194
2026 4 4 -0.973200751 -0.225013154 -0.097401521
2026 4 5 -0.969209684 -0.240357997 -0.104053091
2026 4 6 -0.964933750 -0.255634228 -0.110675059
2026 4 7 -0.960374198 -0.270837552 -0.117265571
2026 4 8 -0.955532334 -0.285963655 -0.123822758
2026 4 9 -0.950409531 -0.301008208 -0.130344737
2026 4 10 -0.945007234 -0.315966865 -0.136829615
2026 4 11 -0.939326962 -0.330835265 -0.143275485
2026 4 12 -0.933370318 -0.345609027 -0.149680427
2026 4 13 -0.927138990 -0.360283748 -0.156042505
2026 4 14 -0.920634775 -0.374854998 -0.162359768
2026 4 15 -0.913859586 -0.389318321 -0.168630249
2026 4 16 -0.906815483 -0.403669242 -0.174851965
2026 4 17 -0.899504697 -0.417903276 -0.181022933
2026 4 18 -0.891929649 -0.432015958 -0.187141180
2026 4 19 -0.884092960 -0.446002883 -0.193204763
2026 4 20 -0.875997443 -0.459859742 -0.199211794
2026 4 21 -0.867646074 -0.473582358 -0.205160454
2026 4 22 -0.859041947 -0.487166713 -0.211049007
2026 4 23 -0.850188230 -0.500608947 -0.216875798
2026 4 24 -0.841088128 -0.513905356 -0.222639247
2026 4 25 -0.831744851 -0.527052364 -0.228337837
2026 4 26 -0.822161595 -0.540046513 -0.233970107
2026 4 27 -0.812341541 -0.552884432 -0.239534633
2026 4 28 -0.802287842 -0.565562824 -0.245030022
2026 4 29 -0.792003635 -0.578078449 -0.250454904
2026 4 30 -0.781492042 -0.590428110 -0.255807921
2026 5 1 -0.770756176 -0.602608639 -0.261087726
2026 5 2 -0.759799149 -0.614616893 -0.266292975
2026 5 3 -0.748624086 -0.626449744 -0.271422327
2026 5 4 -0.737234127 -0.638104077 -0.276474436
2026 5 5 -0.725632445 -0.649576784 -0.281447957
2026 5 6 -0.713822248 -0.660864765 -0.286341542
2026 5 7 -0.701806789 -0.671964929 -0.291153842
2026 5 8 -0.689589373 -0.682874192 -0.295883504
2026 5 9 -0.677173359 -0.693589480 -0.300529176
2026 5 10 -0.664562171 -0.704107723 -0.305089502
2026 5 11 -0.651759306 -0.714425858 -0.309563126
2026 5 12 -0.638768342 -0.724540824 -0.313948688
2026 5 13 -0.625592957 -0.734449564 -0.318244826
2026 5 14 -0.612236954 -0.744149031 -0.322450180
2026 5 15 -0.598704276 -0.753636200 -0.326563402
2026 5 16 -0.584999035 -0.762908100 -0.330583168
2026 5 17 -0.571125514 -0.771961848 -0.334508205
2026 5 18 -0.557088153 -0.780794692 -0.338337306
2026 5 19 -0.542891521 -0.789404051 -0.342069352
2026 5 20 -0.528540260 -0.797787535 -0.345703322
2026 5 21 -0.514039033 -0.805942943 -0.349238288
2026 5 22 -0.499392479 -0.813868248 -0.352673407
2026 5 23 -0.484605190 -0.821561566 -0.356007900
2026 5 24 -0.469681690 -0.829021128 -0.359241040
2026 5 25 -0.454626446 -0.836245253 -0.362372136
2026 5 26 -0.439443866 -0.843232331 -0.365400524
2026 5 27 -0.424138312 -0.849980805 -0.368325559
2026 5 28 -0.408714107 -0.856489165 -0.371146610
2026 5 29 -0.393175547 -0.862755938 -0.373863057
2026 5 30 -0.377526907 -0.868779685 -0.376474290
2026 5 31 -0.361772445 -0.874558992 -0.378979704
2026 6 1 -0.345916418 -0.880092472 -0.381378697
2026 6 2 -0.329963083 -0.885378757 -0.383670673
2026 6 3 -0.313916708 -0.890416500 -0.385855039
2026 6 4 -0.297781579 -0.895204372 -0.387931202
2026 6 5 -0.281562007 -0.899741064 -0.389898577
2026 6 6 -0.265262339 -0.904025282 -0.391756577
2026 6 7 -0.248886959 -0.908055754 -0.393504624
2026 6 8 -0.232440305 -0.911831225 -0.395142142
2026 6 9 -0.215926876 -0.915350463 -0.396668562
2026 6 10 -0.199351248 -0.918612256 -0.398083323
2026 6 11 -0.182718090 -0.921615426 -0.399385879
2026 6 12 -0.166032185 -0.924358842 -0.400575705
2026 6 13 -0.149298444 -0.926841447 -0.401652317
2026 6 14 -0.132521908 -0.929062292 -0.402615284
2026 6 15 -0.115707735 -0.931020578 -0.403464256
2026 6 16 -0.098861163 -0.932715689 -0.404198974
2026 6 17 -0.081987456 -0.934147212 -0.404819283
2026 6 18 -0.065091851 -0.935314935 -0.405325124
2026 6 19 -0.048179507 -0.936218820 -0.405716523
2026 6 20 -0.031255484 -0.936858972 -0.405993566
2026 6 21 -0.014324733 -0.937235600 -0.406156387
2026 6 22 0.002607899 -0.937348991 -0.406205145
2026 6 23 0.019537655 -0.937199488 -0.406140021
2026 6 24 0.036459850 -0.936787478 -0.405961208
2026 6 25 0.053369864 -0.936113386 -0.405668909
2026 6 26 0.070263129 -0.935177669 -0.405263335
2026 6 27 0.087135120 -0.933980814 -0.404744705
2026 6 28 0.103981349 -0.932523334 -0.404113242
2026 6 29 0.120797359 -0.930805770 -0.403369177
2026 6 30 0.137578719 -0.928828681 -0.402512742
2026 7 1 0.154321011 -0.926592646 -0.401544174
2026 7 2 0.171019828 -0.924098264 -0.400463711
2026 7 3 0.187670762 -0.921346148 -0.399271597
2026 7 4 0.204269393 -0.918336930 -0.397968075
2026 7 5 0.220811282 -0.915071260 -0.396553396
2026 7 6 0.237291958 -0.911549811 -0.395027818
2026 7 7 0.253706907 -0.907773284 -0.393391610
2026 7 8 0.270051560 -0.903742414 -0.391645056
2026 7 9 0.286321282 -0.899457985 -0.389788465
2026 7 10 0.302511356 -0.894920845 -0.387822175
2026 7 11 0.318616982 -0.890131929 -0.385746572
2026 7 12 0.334633275 -0.885092295 -0.383562107
2026 7 13 0.350555287 -0.879803152 -0.381269306
2026 7 14 0.366378044 -0.874265891 -0.378868789
2026 7 15 0.382096590 -0.868482096 -0.376361274
2026 7 16 0.397706045 -0.862453542 -0.373747569
2026 7 17 0.413201646 -0.856182165 -0.371028557
2026 7 18 0.428578772 -0.849670027 -0.368205178
2026 7 19 0.443832948 -0.842919281 -0.365278406
2026 7 20 0.458959835 -0.835932135 -0.362249234
2026 7 21 0.473955216 -0.828710839 -0.359118665
2026 7 22 0.488814973 -0.821257665 -0.355887704
2026 7 23 0.503535075 -0.813574907 -0.352557361
2026 7 24 0.518111566 -0.805664878 -0.349128646
2026 7 25 0.532540555 -0.797529907 -0.345602570
2026 7 26 0.546818210 -0.789172341 -0.341980148
2026 7 27 0.560940755 -0.780594542 -0.338262394
2026 7 28 0.574904462 -0.771798882 -0.334450321
2026 7 29 0.588705644 -0.762787743 -0.330544943
2026 7 30 0.602340645 -0.753563514 -0.326547271
2026 7 31 0.615805835 -0.744128588 -0.322458314
2026 8 1 0.629097590 -0.734485366 -0.318279079
2026 8 2 0.642212286 -0.724636254 -0.314010576
2026 8 3 0.655146280 -0.714583679 -0.309653822
2026 8 4 0.667895906 -0.704330092 -0.305209843
2026 8 5 0.680457459 -0.693877984 -0.300679688
2026 8 6 0.692827192 -0.683229899 -0.296064433
2026 8 7 0.705001312 -0.672388459 -0.291365194
2026 8 8 0.716975983 -0.661356384 -0.286583138
2026 8 9 0.728747341 -0.650136514 -0.281719497
2026 8 10 0.740311512 -0.638731837 -0.276775578
2026 8 11 0.751664651 -0.627145504 -0.271752772
2026 8 12 0.762802986 -0.615380834 -0.266652552
2026 8 13 0.773722856 -0.603441306 -0.261476468
2026 8 14 0.784420752 -0.591330530 -0.256226130
2026 8 15 0.794893334 -0.579052217 -0.250903192
2026 8 16 0.805137435 -0.566610139 -0.245509329
2026 8 17 0.815150052 -0.554008103 -0.240046223
2026 8 18 0.824928323 -0.541249930 -0.234515556
2026 8 19 0.834469512 -0.528339440 -0.228919000
2026 8 20 0.843770989 -0.515280451 -0.223258220
2026 8 21 0.852830219 -0.502076776 -0.217534873
2026 8 22 0.861644750 -0.488732225 -0.211750606
2026 8 23 0.870212211 -0.475250602 -0.205907062
2026 8 24 0.878530304 -0.461635708 -0.200005874
2026 8 25 0.886596800 -0.447891336 -0.194048667
2026 8 26 0.894409532 -0.434021266 -0.188037059
2026 8 27 0.901966386 -0.420029267 -0.181972653
2026 8 28 0.909265289 -0.405919087 -0.175857044
2026 8 29 0.916304193 -0.391694461 -0.169691814
2026 8 30 0.923081063 -0.377359113 -0.163478543
2026 8 31 0.929593856 -0.362916766 -0.157218808
2026 9 1 0.935840515 -0.348371158 -0.150914196
2026 9 2 0.941818959 -0.333726061 -0.144566313
2026 9 3 0.947527084 -0.318985302 -0.138176798
2026 9 4 0.952962772 -0.304152786 -0.131747332
2026 9 5 0.958123903 -0.289232516 -0.125279647
2026 9 6 0.963008379 -0.274228607 -0.118775539
2026 9 7 0.967614152 -0.259145304 -0.112236866
2026 9 8 0.971939254 -0.243986983 -0.105665558
2026 9 9 0.975981835 -0.228758146 -0.099063602
2026 9 10 0.979740193 -0.213463408 -0.092433042
2026 9 11 0.983212799 -0.198107469 -0.085775960
2026 9 12 0.986398310 -0.182695089 -0.079094460
2026 9 13 0.989295568 -0.167231055 -0.072390651
2026 9 14 0.991903590 -0.151720150 -0.065666638
2026 9 15 0.994221553 -0.136167143 -0.058924506
2026 9 16 0.996248769 -0.120576770 -0.052166322
2026 9 17 0.997984673 -0.104953733 -0.045394130
2026 9 18 0.999428807 -0.089302696 -0.038609950
2026 9 19 1.000580809 -0.073628289 -0.031815782
2026 9 20 1.001440409 -0.057935108 -0.025013606
2026 9 21 1.002007420 -0.042227714 -0.018205382
2026 9 22 1.002281737 -0.026510628 -0.011393049
2026 9 23 1.002263329 -0.010788333 -0.004578525
2026 9 24 1.001952229 0.004934734 0.002236299
2026 9 25 1.001348521 0.020654185 0.009049553
2026 9 26 1.000452323 0.036365679 0.015859390
2026 9 27 0.999263770 0.052064914 0.022663985
2026 9 28 0.997782994 0.067747621 0.029461521
2026 9 29 0.996010110 0.083409535 0.036250180
2026 9 30 0.993945215 0.099046374 0.043028129
2026 10 1 0.991588392 0.114653811 0.049793507
2026 10 2 0.988939732 0.130227450 0.056544410
2026 10 3 0.985999357 0.145762808 0.063278887
2026 10 4 0.982767455 0.161255307 0.069994933
2026 10 5 0.979244307 0.176700274 0.076690494
2026 10 6 0.975430322 0.192092949 0.083363472
2026 10 7 0.971326058 0.207428499 0.090011731
2026 10 8 0.966932241 0.222702040 0.096633115
2026 10 9 0.962249780 0.237908660 0.103225452
2026 10 10 0.957279770 0.253043443 0.109786578
2026 10 11 0.952023485 0.268101495 0.116314341
2026 10 12 0.946482372 0.283077963 0.122806613
2026 10 13 0.940658029 0.297968054 0.129261304
2026 10 14 0.934552194 0.312767044 0.135676355
2026 10 15 0.928166721 0.327470281 0.142049752
2026 10 16 0.921503573 0.342073188 0.148379516
2026 10 17 0.914564808 0.356571264 0.154663706
2026 10 18 0.907352568 0.370960080 0.160900420
2026 10 19 0.899869078 0.385235283 0.167087789
2026 10 20 0.892116637 0.399392591 0.173223982
2026 10 21 0.884097613 0.413427804 0.179307207
2026 10 22 0.875814433 0.427336800 0.185335707
2026 10 23 0.867269569 0.441115544 0.191307768
2026 10 24 0.858465519 0.454760084 0.197221713
2026 10 25 0.849404791 0.468266548 0.203075898
2026 10 26 0.840089875 0.481631125 0.208868704
2026 10 27 0.830523232 0.494850046 0.214598524
2026 10 28 0.820707293 0.507919547 0.220263745
2026 10 29 0.810644464 0.520835839 0.225862728
2026 10 30 0.800337163 0.533595079 0.231393802
2026 10 31 0.789787854 0.546193358 0.236855253
2026 11 1 0.778999087 0.558626697 0.242245327
2026 11 2 0.767973534 0.570891062 0.247562239
2026 11 3 0.756714017 0.582982383 0.252804187
2026 11 4 0.745223516 0.594896581 0.257969362
2026 11 5 0.733505181 0.606629589 0.263055962
2026 11 6 0.721562331 0.618177374 0.268062205
2026 11 7 0.709398448 0.629535962 0.272986339
2026 11 8 0.697017165 0.640701451 0.277826650
2026 11 9 0.684422259 0.651670026 0.282581468
2026 11 10 0.671617632 0.662437976 0.287249177
2026 11 11 0.658607298 0.673001694 0.291828210
2026 11 12 0.645395366 0.683357688 0.296317060
2026 11 13 0.631986028 0.693502579 0.300714271
2026 11 14 0.618383546 0.703433100 0.305018444
2026 11 15 0.604592243 0.713146100 0.309228232
2026 11 16 0.590616496 0.722638538 0.313342341
2026 11 17 0.576460726 0.731907485 0.317359527
2026 11 18 0.562129392 0.740950124 0.321278599
2026 11 19 0.547626982 0.749763754 0.325098418
2026 11 20 0.532958000 0.758345790 0.328817897
2026 11 21 0.518126948 0.766693763 0.332436000
2026 11 22 0.503138303 0.774805312 0.335951735
2026 11 23 0.487996500 0.782678170 0.339364149
2026 11 24 0.472705913 0.790310140 0.342672310
2026 11 25 0.457270848 0.797699054 0.345875290
2026 11 26 0.441695564 0.804842743 0.348972144
2026 11 27 0.425984304 0.811738998 0.351961900
2026 11 28 0.410141343 0.818385563 0.354843550
2026 11 29 0.394171040 0.824780134 0.357616059
2026 11 30 0.378077871 0.830920390 0.360278377
2026 12 1 0.361866454 0.836804015 0.362829458
2026 12 2 0.345541556 0.842428737 0.365268278
2026 12 3 0.329108083 0.847792353 0.367593847
2026 12 4 0.312571071 0.852892751 0.369805219
2026 12 5 0.295935673 0.857727921 0.371901501
2026 12 6 0.279207143 0.862295974 0.373881859
2026 12 7 0.262390825 0.866595144 0.375745518
2026 12 8 0.245492133 0.870623797 0.377491769
2026 12 9 0.228516546 0.874380433 0.379119965
2026 12 10 0.211469589 0.877863692 0.380629528
2026 12 11 0.194356821 0.881072355 0.382019944
2026 12 12 0.177183826 0.884005340 0.383290763
2026 12 13 0.159956197 0.886661704 0.384441602
2026 12 14 0.142679533 0.889040640 0.385472136
2026 12 15 0.125359423 0.891141476 0.386382104
2026 12 16 0.108001444 0.892963671 0.387171302
2026 12 17 0.090611142 0.894506816 0.387839584
2026 12 18 0.073194031 0.895770630 0.388386862
2026 12 19 0.055755566 0.896754961 0.388813099
2026 12 20 0.038301136 0.897459771 0.389118308
2026 12 21 0.020836038 0.897885123 0.389302538
2026 12 22 0.003365464 0.898031159 0.389365867
2026 12 23 -0.014105497 0.897898062 0.389308377
2026 12 24 -0.031571854 0.897486018 0.389130138
2026 12 25 -0.049028667 0.896795188 0.388831194
2026 12 26 -0.066471005 0.895825683 0.388411559
2026 12 27 -0.083893886 0.894577582 0.387871221
2026 12 28 -0.101292236 0.893050953 0.387210163
2026 12 29 -0.118660871 0.891245896 0.386428383
2026 12 30 -0.135994496 0.889162580 0.385525915
2026 12 31 -0.153287718 0.886801272 0.384502843
